lfptool raw --lfp-in D:\projects\lfr --image-out -u -0.5 -0.4 -0.3 -0.2 -0.1 0 0.1 0.2 0.3 0.4 0.5 -v 0 0 0 0 0 0 0 0 0 0 0

#### image
lfptool raw --lfp-in E:\Lytro\LFR --dir-out E:\datasets\images --image-out --imagerep jpeg

#### center view
lfptool raw --lfp-in E:\Lytro\LFR --dir-out E:\datasets\center_view -u 0 -v 0 --imagerep jpeg (能够输出深度图以及中心视点)
lfptool raw --lfp-in E:\Lytro\Add2 --dir-out E:\additional\center_view -u 0 -v 0 --imagerep jpeg

lfptool raw --lfp-in F:\zzn --dir-out E:\datasets\center_view -u 0 -v 0 --imagerep jpeg

lfptool raw --lfp-in D:\projects\lfr -u -0.5000 -0.3750 -0.2500 -0.1250 0 0.1250 0.2500 0.3750 0.5000 -0.5000 -0.3750 -0.2500 -0.1250 0 0.1250 0.2500 0.3750 0.5000 -0.5000 -0.3750 -0.2500 -0.1250 0 0.1250 0.2500 0.3750 0.5000 -0.5000 -0.3750 -0.2500 -0.1250 0 0.1250 0.2500 0.3750 0.5000 -0.5000 -0.3750 -0.2500 -0.1250 0 0.1250 0.2500 0.3750 0.5000 -0.5000 -0.3750 -0.2500 -0.1250 0 0.1250 0.2500 0.3750 0.5000 -0.5000 -0.3750 -0.2500 -0.1250 0 0.1250 0.2500 0.3750 0.5000 -v -0.5000 -0.5000 -0.5000 -0.5000 -0.5000 -0.5000 -0.5000 -0.5000 -0.5000 -0.3750 -0.3750 -0.3750 -0.3750 -0.3750 -0.3750 -0.3750 -0.3750 -0.3750 -0.2500 -0.2500 -0.2500 -0.2500 -0.2500 -0.2500 -0.2500 -0.2500 -0.2500 -0.1250 -0.1250 -0.1250 -0.1250 -0.1250 -0.1250 -0.1250 -0.1250 -0.1250  0 0 0 0 0 0 0 0 0 0.1250 0.1250 1250 0.1250 0.1250 0.1250 0.1250 0.1250 0.1250 0.2500 0.2500 0.2500 0.2500 0.2500 0.2500 0.2500 0.2500 0.2500 --imagerep jpeg

lfptool raw --lfp-in E:\Lytro\test --dir-out E:\datasets\unpacks -u -0.5000 -0.3750 -0.2500 -0.1250 0 0.1250 0.2500 0.3750 0.5000 -0.5000 -0.3750 -0.2500 -0.1250 0 0.1250 0.2500 0.3750 0.5000 -v -0.5000 -0.5000 -0.5000 -0.5000 -0.5000 -0.5000 -0.5000 -0.5000 -0.5000 0 0 0 0 0 0 0 0 0 

lfptool raw --lfp-in E:\Lytro\lfr --dir-out E:\datasets\unpacks -u -0.5000 -0.3750 -0.2500 -0.1250 0 0.1250 0.2500 0.3750 0.5000 -0.5000 -0.3750 -0.2500 -0.1250 0 0.1250 0.2500 0.3750 0.5000 -0.5000 -0.3750 -0.2500 -0.1250 0 0.1250 0.2500 0.3750 0.5000 -0.5000 -0.3750 -0.2500 -0.1250 0 0.1250 0.2500 0.3750 0.5000 -0.5000 -0.3750 -0.2500 -0.1250 0 0.1250 0.2500 0.3750 0.5000 -v -0.5000 -0.5000 -0.5000 -0.5000 -0.5000 -0.5000 -0.5000 -0.5000 -0.5000 -0.3750 -0.3750 -0.3750 -0.3750 -0.3750 -0.3750 -0.3750 -0.3750 -0.3750 -0.2500 -0.2500 -0.2500 -0.2500 -0.2500 -0.2500 -0.2500 -0.2500 -0.2500 -0.1250 -0.1250 -0.1250 -0.1250 -0.1250 -0.1250 -0.1250 -0.1250 -0.1250  0 0 0 0 0 0 0 0 0 --imagerep jpeg

lfptool raw --lfp-in E:\Lytro\lfra --dir-out E:\datasets\unpacks3 -u -0.5000 -0.3750 -0.2500 -0.1250 0 0.1250 0.2500 0.3750 0.5000 -0.5000 -0.3750 -0.2500 -0.1250 0 0.1250 0.2500 0.3750 0.5000 -v 0.1250 0.1250 0.1250 0.1250 0.1250 0.1250 0.1250 0.1250 0.1250  0.2500 0.2500 0.2500 0.2500 0.2500 0.2500 0.2500 0.2500 0.2500 --imagerep png

lfptool raw --lfp-in E:\Lytro\BU --dir-out E:\datasets\unpacks3 -u -0.5000 -0.3750 -0.2500 -0.1250 0 0.1250 0.2500 0.3750 0.5000 -0.5000 -0.3750 -0.2500 -0.1250 0 0.1250 0.2500 0.3750 0.5000 -v 0.1250 0.1250 0.1250 0.1250 0.1250 0.1250 0.1250 0.1250 0.1250  0.2500 0.2500 0.2500 0.2500 0.2500 0.2500 0.2500 0.2500 0.2500 --imagerep png

lfptool raw --lfp-in E:\Lytro\LFRA --dir-out E:\datasets\unpacks4 -u -0.5000 -0.3750 -0.2500 -0.1250 0 0.1250 0.2500 0.3750 0.5000 -0.5000 -0.3750 -0.2500 -0.1250 0 0.1250 0.2500 0.3750 0.5000 -v 0.3750 0.3750 0.3750 0.3750 0.3750 0.3750 0.3750 0.3750 0.3750 0.5000 0.5000 0.5000 0.5000 0.5000 0.5000 0.5000 0.5000 0.5000 --imagerep png

lfptool raw --lfp-in E:\Lytro\bu --dir-out E:\datasets\unpacks -u -0.5000 -0.3750 -0.2500 -0.1250 0 0.1250 0.2500 0.3750 0.5000 -0.5000 -0.3750 -0.2500 -0.1250 0 0.1250 0.2500 0.3750 0.5000 -0.5000 -0.3750 -0.2500 -0.1250 0 0.1250 0.2500 0.3750 0.5000 -0.5000 -0.3750 -0.2500 -0.1250 0 0.1250 0.2500 0.3750 0.5000 -0.5000 -0.3750 -0.2500 -0.1250 0 0.1250 0.2500 0.3750 0.5000 -v -0.5000 -0.5000 -0.5000 -0.5000 -0.5000 -0.5000 -0.5000 -0.5000 -0.5000 -0.3750 -0.3750 -0.3750 -0.3750 -0.3750 -0.3750 -0.3750 -0.3750 -0.3750 -0.2500 -0.2500 -0.2500 -0.2500 -0.2500 -0.2500 -0.2500 -0.2500 -0.2500 -0.1250 -0.1250 -0.1250 -0.1250 -0.1250 -0.1250 -0.1250 -0.1250 -0.1250  0 0 0 0 0 0 0 0 0 --imagerep jpeg

lfptool raw --lfp-in E:\Lytro\bu --dir-out E:\datasets\unpacks -u -0.5000 -0.3750 -0.2500 -0.1250 0 0.1250 0.2500 0.3750 0.5000 -0.5000 -0.3750 -0.2500 -0.1250 0 0.1250 0.2500 0.3750 0.5000 -0.5000 -0.3750 -0.2500 -0.1250 0 0.1250 0.2500 0.3750 0.5000 -0.5000 -0.3750 -0.2500 -0.1250 0 0.1250 0.2500 0.3750 0.5000 -0.5000 -0.3750 -0.2500 -0.1250 0 0.1250 0.2500 0.3750 0.5000 -v -0.5000 -0.5000 -0.5000 -0.5000 -0.5000 -0.5000 -0.5000 -0.5000 -0.5000 -0.3750 -0.3750 -0.3750 -0.3750 -0.3750 -0.3750 -0.3750 -0.3750 -0.3750 -0.2500 -0.2500 -0.2500 -0.2500 -0.2500 -0.2500 -0.2500 -0.2500 -0.2500 -0.1250 -0.1250 -0.1250 -0.1250 -0.1250 -0.1250 -0.1250 -0.1250 -0.1250  0 0 0 0 0 0 0 0 0 --imagerep jpeg


% additional
lfptool raw --lfp-in F:\Lytro\Add2 --dir-out F:\additional\unpacks15 -u -0.5000 -0.3750 -0.2500 -0.1250 0 0.1250 0.2500 0.3750 0.5000 -0.5000 -0.3750 -0.2500 -0.1250 0 0.1250 0.2500 0.3750 0.5000 -0.5000 -0.3750 -0.2500 -0.1250 0 0.1250 0.2500 0.3750 0.5000 -0.5000 -0.3750 -0.2500 -0.1250 0 0.1250 0.2500 0.3750 0.5000 -0.5000 -0.3750 -0.2500 -0.1250 0 0.1250 0.2500 0.3750 0.5000 -v -0.5000 -0.5000 -0.5000 -0.5000 -0.5000 -0.5000 -0.5000 -0.5000 -0.5000 -0.3750 -0.3750 -0.3750 -0.3750 -0.3750 -0.3750 -0.3750 -0.3750 -0.3750 -0.2500 -0.2500 -0.2500 -0.2500 -0.2500 -0.2500 -0.2500 -0.2500 -0.2500 -0.1250 -0.1250 -0.1250 -0.1250 -0.1250 -0.1250 -0.1250 -0.1250 -0.1250  0 0 0 0 0 0 0 0 0 --imagerep jpeg


lfptool raw --lfp-in F:\Lytro\Addition --dir-out F:\additional\unpacks15 -u -0.5000 -0.3750 -0.2500 -0.1250 0 0.1250 0.2500 0.3750 0.5000 -0.5000 -0.3750 -0.2500 -0.1250 0 0.1250 0.2500 0.3750 0.5000 -0.5000 -0.3750 -0.2500 -0.1250 0 0.1250 0.2500 0.3750 0.5000 -0.5000 -0.3750 -0.2500 -0.1250 0 0.1250 0.2500 0.3750 0.5000 -0.5000 -0.3750 -0.2500 -0.1250 0 0.1250 0.2500 0.3750 0.5000 -v -0.5000 -0.5000 -0.5000 -0.5000 -0.5000 -0.5000 -0.5000 -0.5000 -0.5000 -0.3750 -0.3750 -0.3750 -0.3750 -0.3750 -0.3750 -0.3750 -0.3750 -0.3750 -0.2500 -0.2500 -0.2500 -0.2500 -0.2500 -0.2500 -0.2500 -0.2500 -0.2500 -0.1250 -0.1250 -0.1250 -0.1250 -0.1250 -0.1250 -0.1250 -0.1250 -0.1250  0 0 0 0 0 0 0 0 0 --imagerep jpeg

lfptool raw --lfp-in E:\Lytro\lfra --dir-out E:\datasets\unpacks3 -u -0.5000 -0.3750 -0.2500 -0.1250 0 0.1250 0.2500 0.3750 0.5000 -0.5000 -0.3750 -0.2500 -0.1250 0 0.1250 0.2500 0.3750 0.5000 -v 0.1250 0.1250 0.1250 0.1250 0.1250 0.1250 0.1250 0.1250 0.1250  0.2500 0.2500 0.2500 0.2500 0.2500 0.2500 0.2500 0.2500 0.2500 --imagerep png

lfptool raw --lfp-in E:\Lytro\LFRA --dir-out E:\datasets\unpacks4 -u -0.5000 -0.3750 -0.2500 -0.1250 0 0.1250 0.2500 0.3750 0.5000 -0.5000 -0.3750 -0.2500 -0.1250 0 0.1250 0.2500 0.3750 0.5000 -v 0.3750 0.3750 0.3750 0.3750 0.3750 0.3750 0.3750 0.3750 0.3750 0.5000 0.5000 0.5000 0.5000 0.5000 0.5000 0.5000 0.5000 0.5000 --imagerep png

lfptool raw --lfp-in F:\Lytro\Add2 --dir-out F:\datasets\unpacks69 -u -0.5000 -0.3750 -0.2500 -0.1250 0 0.1250 0.2500 0.3750 0.5000 -0.5000 -0.3750 -0.2500 -0.1250 0 0.1250 0.2500 0.3750 0.5000 -0.5000 -0.3750 -0.2500 -0.1250 0 0.1250 0.2500 0.3750 0.5000 -0.5000 -0.3750 -0.2500 -0.1250 0 0.1250 0.2500 0.3750 0.5000 -v 0.1250 0.1250 0.1250 0.1250 0.1250 0.1250 0.1250 0.1250 0.1250  0.2500 0.2500 0.2500 0.2500 0.2500 0.2500 0.2500 0.2500 0.2500 0.3750 0.3750 0.3750 0.3750 0.3750 0.3750 0.3750 0.3750 0.3750 0.5000 0.5000 0.5000 0.5000 0.5000 0.5000 0.5000 0.5000 0.5000 --imagerep jpeg